0.6044999864883721
0.4359999902546406
0.7409999834373593
0.5609999874606728
0.7184999839402735
0.7694999828003347
1.1224999749101698
1.2809999713674187
1.5059999663382768
1.2514999720267952
1.2499999720603228
1.9349999567493796
2.144999952055514
1.7884999600239098
1.7529999608173967
1.8449999587610364
1.9889999555423856
2.59499994199723
2.2944999487139284
2.8714999358169733
2.5299999434500933
2.528499943483621
3.600999919511378
4.023999910056591
3.988999910838902
5.039999887347221
4.8089998925104736
5.554499875847251
5.6284998741932215
4.523499898891896
6.239999860525131
7.248999837972224
6.807499847840518
8.09249981911853
8.426999811641872
8.871999801695347
9.186999794654549
8.871499801706523
8.17499981727451
8.251999815553427
8.443999811261893
10.54699976425618
10.397999767586589
9.962999777309596
9.069999797269702
11.215999749302863
12.014499731454999
10.142999773286283
12.10549972942099
11.065999752655625
11.559999741613865
11.71799973808229
12.907999711483717
12.46749972132966
12.825999713316559
14.183999682962895
13.117499706801027
12.577999718859791
13.729499693121761
12.441999721899629
13.376499701011927
14.894999667070806
15.307999657839536
13.42299969997257
13.090499707404524
13.825499690975994
13.047999708354473
12.318499724660068
14.118999684415758
13.46399969905615
16.362499634269625
13.740999692864715
13.163499705772846
13.543499697279184
14.961499665584416
15.652999650128185
15.177499660756439
14.351499679218978
15.619999650865793
15.563499652128666
18.076999595947562
17.53749960800633
16.419499632995574
15.272999658621847
15.662499649915844
17.3814996114932
18.952499576378614
18.156999594159423
17.68299960475415
16.40199963338673
19.18799957111478
19.64099956098944
19.58399956226349
19.113499572779983
20.78899953532964
19.54199956320226
19.01499957498163
20.74899953622371
20.55649954052642
22.09549950612709
21.34849952282384
20.2389995476231
21.95399950928986
24.276999457366763
24.14199946038425
21.768999513424934
25.35899943318218
24.449499453511088
24.45049945348874
28.23499936889857
26.355999410897493
27.814499378297477
31.123499304335564
28.896499354112894
30.498999318294228
29.694999336265028
30.056999328173696
30.06599932797253
31.18799930289388
33.03399926163256
32.15699928123504
28.965499352570625
31.979499285202472
31.255499301385136
31.08649930516258
31.408499297965317
31.1594993035309
29.978999329917134
27.652999381907286
29.671999336779116
29.048999350704253
33.82449924396351
32.864999265410006
33.2399992570281
34.15349923660979
35.04499921668321
34.432999230362476
34.05899923872202
34.471999229490756
34.560999227501455
35.23199921250343
34.023999239504334
34.140999236889186
34.97399921827018
35.11049921521917
34.86499922070652
35.73299920130521
35.824499199260025
35.46999920718372
35.50249920645729
35.91149919731542
35.782999200187625
34.604999226517975
35.46299920734018
35.226499212626365
34.83449922138825
34.939499219041316
35.450999207608405
32.919499264191835
33.66749924747273
34.18099923599512
34.47999922931194
34.390499231312425
34.34049923243001
34.32249923283234
34.212499235291034
33.446499252412465
34.41349923079834
34.449999229982495
34.215999235212806
34.796499222237614
34.78299922253937
35.31749921059236
35.69049920225516
35.28799921125174
35.6104992040433
34.967999218404294
34.58499922696501
34.486499229166654
35.03299921695143
35.41049920851365
34.471999229490756
33.85799924321473
33.5839992493391
32.691999269276856
35.569999204948545
35.6559992030263
35.46299920734018
36.27899918910116
36.284499188978224
36.13749919226393
35.78649920010939
36.47849918464199
36.29549918873236
35.22849921258167
35.031499216984955
35.49049920672551
34.93099921923131
34.61699922624975
34.70899922419339
35.340999210067096
34.47949922932312
34.8479992210865
35.6519992031157
34.9224992194213
34.76899922285229
34.76849922286347
34.78649922246113
34.11249923752621
33.84349924353883
33.200499257911
33.31799925528467
34.82999922148883
36.055499194096775
34.82999922148883
34.89399922005832
36.595499182026835
35.74899920094758
35.280499211419375
35.453999207541344
35.83149919910356
35.83499919902533
35.71799920164049
36.594499182049184
35.96349919615314
35.533999205753204
35.11449921512976
34.56699922736734
34.801499222125855
34.61899922620505
35.97849919581786
36.43399918563664
35.55749920522794
33.69149924693629
33.11899925973266
33.81249924423173
34.01049923980609
33.18049925835803
34.88899922017008
34.65299922544509
35.5649992050603
35.44699920769781
35.44549920773134
35.5254992059432
36.052999194152655
35.20349921314046
33.99649924011901
34.911499219667164
34.37849923158065
34.666999225132166
34.714999224059284
35.19899921324104
34.99049921790138
34.36249923193827
34.89399922005832
34.970499218348415
34.914999219588935
35.50299920644611
33.946499241236594
34.08499923814088
34.12399923726916
33.42599925287068
32.48299927394837
34.69149922458455
33.66399924755096
33.598499249015006
35.054499216470866
33.72349924622104
33.751499245595184
33.65899924766272
35.01349921738729
34.80899922195822
34.469499229546635
34.36549923187122
33.13549925936386
34.54649922782555
32.16549928104505
31.738499290589242
33.12149925967678
33.27949925614521
34.16999923624098
34.720999223925176
33.010999262146655
34.063999238610265
33.64499924797565
32.78549926718697
33.16549925869331
32.26149927889928
34.26549923410639
31.31299930009991
32.40649927565828
31.873999287560583
33.730499246064575
33.21999925747514
34.31349923303351
32.363999276608226
32.97449926296249
33.326499255094674
33.56599924974144
34.48799922913313
34.60199922658503
34.430499230418356
33.92649924168363
34.41299923080951
33.9734992406331
33.931999241560696
34.07049923846498
35.63899920340627
35.45699920747429
35.81999919936061
35.261499211844054
34.66999922506511
34.59799922667444
35.102499215397984
34.063999238610265
31.710999291203915
32.89299926478416
33.91249924199656
34.64799922555685
35.53699920568615
34.39849923113361
34.60199922658503
33.07599926069379
32.49249927373603
34.73449922362342
34.643999225646255
35.1379992146045
33.48599925152958
33.10899925995618
34.78799922242761
34.452499229926616
34.43099923040718
34.50099922884256
33.24149925699457
34.40949923088774
34.20599923543632
34.22199923507869
33.5009992511943
34.42199923060834
35.86249919841066
34.94549921890721
34.88299922030419
33.70449924664572
33.60599924884737
33.49049925142899
34.218499235156926
35.13349921470508
34.52549922829494
33.41649925308302
33.214999257586896
32.75849926779047
34.00399923995137
34.664499225188045
34.62399922609329
34.638499225769195
33.55399925000965
33.1964992580004
34.24749923450872
33.24149925699457
33.249999256804585
32.26999927870929
33.886999242566525
34.96749921841547
34.1909992357716
34.644999225623906
34.72899922374636
34.32099923286587
33.70399924665689
35.5109992062673
33.75049924561754
33.97049924070016
34.234499234799294
33.411499253194776
34.175999236106875
33.46599925197661
33.70549924662337
34.684999224729836
34.295999233424666
34.08999923802912
34.47099922951311
34.5474992278032
35.76199920065701
35.44149920782074
33.77349924510345
35.78149920022115
33.88499924261123
34.8809992203489
35.06399921625852
35.85649919854477
35.75249920086935
36.27299918923527
36.862999176047744
35.11799921505153
35.01099921744317
35.747999200969936
35.47499920707196
36.15999919176102
34.36499923188239
35.52049920605496
36.33699918780476